Underflow
NULL
Underflow
Underflow
Underflow
NULL
NULL
Underflow
Underflow
NULL
NULL
Underflow
Underflow
Underflow
Underflow
Underflow
NULL
NULL
3526
3526
3531
449
857
7219
NULL
NULL
Underflow
Underflow
NULL
NULL
7216
7216
NULL
Underflow
9684
Underflow
NULL
NULL
NULL
Underflow
NULL
NULL
NULL
Underflow
NULL
4809
Underflow
1912
1912
1912
1912
3725
NULL
NULL
NULL
NULL
Underflow
2964
2964
7749
Underflow
NULL
Underflow
NULL
Underflow
3892
NULL
7592
5715
7468
6841
Underflow
Underflow
5071
5071
Underflow
1889
1889
NULL
NULL
NULL
NULL
1368
NULL
Underflow
8163
8163
8163
8163
1530
1530
5373
5373
5373
2846
8490
8490
8490
5031
5031
5031
4905
4905
4905
4905
4905
4905
6305
6305
6305
6305
6305
6305
5872
5872
5872
9861
9861
9861
3622
2925
2925
2925
7508
7508
6811
6811
6288
6288
434
3329
3329
8173
8173
8173
8173
8173
8173
8117
Overflow
9367
9367
2153
9846
9846
7585
7585
8907
1757
1757
1757
1757
8297
8297
8297
8297
9201
9201
9201
9201
6920
7859
7859
7859
7859
1056
1056
9057
9057
1038
9287
1436
8459
8459
8990
8990
8990
7801
9502
9502
4845
4845
3089
3089
3089
8307
8550
8516
4931
4931
4931
4931
7517
7517
7517
7517
5240
5240
7077
9630
528
680
680
7345
9602
9602
9602
8636
8636
8636
8636
7694
1856
1856
4329
4329
8760
8760
8760
8760
6873
6873
2763
2763
2763
2763
2763
2763
1432
7428
7428
5601
5601
5601
2252
2252
2252
7452
3494
3494
Overflow
Overflow
Overflow
3494
Overflow
4555
Overflow
Overflow
1653
5367
5367
5367
Overflow
Overflow
3856
3856
Overflow
Overflow
3856
Overflow
Overflow
3856
3856
9065
9065
8966
8966
Overflow
9218
9218
9218
9218
6335
6335
2792
2792
2792
2792
Overflow
Overflow
2792
336
543
8653
8653
6619
8008
4723
4723
1149
4866
5191
6608
3789
3789
3789
2976
6046
8728
6346
6346
8040
8040
3500
3500
4417
5366
5366
5366
5366
4000
4000
7588
4515
4515
4515
4515
4515
4515
1397
6815
6815
9058
9058
9482
54
54
54
54
5714
5714
5714
5714
5714
5714
6065
2737
5357
8451
157
157
1136
1136
9664
9664
8822
5532
9791
1918
6176
6176
5597
5597
1113
1113
1113
1113
1113
1425
1425
7316
7316
7316
7316
5982
5982
6797
6797
6797
5405
8293
8293
5276
7649
1110
1110
2671
2671
2671
102
102
102
102
3040
3040
NULL
NULL
Underflow
NULL
Underflow
2244
2244
