80 440
3
2
3
1 7368
3
3
3
2
3
2
3
2
1 2802
3
3
2
2
2
3
1 4117
3
1 7599
1 8740
2
3
3
3
1 181
3
3
3
2
1 4766
2
2
2
3
1 9482
2
2
3
3
1 5681
2
2
3
2
3
3
1 5676
2
2
1 8054
2
3
1 6782
1 5687
3
3
3
2
2
3
1 4639
1 9719
1 5923
3
2
1 5373
2
2
3
2
2
3
2
3
1 1951
1 2610
3
2
1 8619
2
3
3
1 2804
3
3
3
1 5773
2
2
1 2657
3
1 9854
1 8629
2
2
1 5328
3
1 454
3
1 5640
3
2
1 7357
3
2
3
3
1 9600
3
3
3
3
3
2
1 2536
1 6323
1 1057
1 4765
1 8407
1 5184
2
3
1 9640
1 2171
3
1 4674
1 1838
3
1 5480
1 7724
3
1 4958
1 9394
2
3
3
3
3
2
3
2
2
3
3
3
3
3
2
1 3323
3
1 8307
3
2
3
2
2
3
1 3936
1 223
1 2803
1 1851
2
1 6428
3
3
2
3
2
2
1 1737
1 1214
1 2185
2
3
2
2
2
1 9963
1 5978
2
1 7539
1 5006
1 8261
2
1 2894
3
2
2
3
3
3
3
2
2
2
1 8390
3
1 3995
3
3
2
2
2
3
2
2
1 3961
3
2
1 1565
1 9202
1 7213
1 6535
1 339
2
1 2311
3
3
2
1 8837
3
3
1 3355
2
2
1 2836
1 8540
3
1 1099
3
1 534
2
1 3026
2
1 4042
2
2
3
1 3025
1 6916
3
2
2
2
1 8390
3
3
1 467
2
1 3545
1 3271
3
1 30
3
3
2
2
1 8487
1 862
3
3
3
3
2
2
2
3
3
1 7324
2
2
3
1 2424
3
1 6671
1 8986
3
3
3
3
1 6015
2
3
1 4604
2
2
1 5571
2
2
1 6282
3
1 987
2
1 6440
1 9812
1 6506
2
3
2
2
2
2
1 9774
1 3584
2
3
3
2
1 1719
1 6007
3
1 2272
2
1 4833
2
1 9460
1 1806
2
3
1 3594
2
2
2
2
2
2
1 5322
1 7583
3
3
1 3788
2
1 3621
3
2
1 4764
3
3
2
3
1 9186
2
2
3
1 6627
2
2
3
2
3
3
3
1 4879
2
3
1 6463
1 6604
2
2
3
1 5520
3
1 6996
1 6840
2
1 6107
2
1 2644
3
3
3
1 6197
1 7084
2
1 5169
3
2
1 2011
2
1 840
3
3
3
2
1 2528
3
1 8482
3
2
2
1 1187
2
2
2
3
2
1 2176
2
3
2
3
1 3867
1 1255
2
1 2673
2
1 4107
2
1 3508
1 3063
2
3
2
2
1 7848
2
2
1 6442
3
2
2
3
2
2
1 1987
3
3
3
3
1 4776
1 3851
3
1 3603
3
3
3
1 292